135    30    0    0
135    0    0    5
17    0    0    0
7    0    0    2
135    1    0    0
135    1    0    5
17    0    0    0
7    0    0    3
135    20    0    0
135    2    0    5
17    0    0    0
7    0    0    4
7    3    0    0
135    1    0    1
0    0    1    0
7    0    0    4
135    10    0    0
7    0    0    5
32    4    5    26
7    3    0    0
135    1    0    1
0    0    1    0
135    1    0    5
17    0    0    0
7    0    0    3
32    0    0    19
7    3    0    0
135    3    0    1
0    0    1    0
135    3    0    5
17    0    0    0
7    0    0    5
135    3    0    0
135    4    0    5
17    0    0    0
7    0    0    6
